time,total_household_assets,total_firm_assets,unemployment_rate,food_avg_price,food_trade_volume,avg_goods_price,avg_wage,total_production,total_consumption,total_food_consumption,total_inventory
0,8986.958793914648,198405.79281375828,80.0,5.151115705730757,156.91801648811827,4.438124073128032,16.239192168818448,2.0,229.4710235082634,156.91801648811827,5779.8575740482565
1,7553.554519352853,199833.417230746,80.0,5.1412586491080905,213.75150694000078,4.439297413528355,0.0,2.0,316.2916985241454,213.75150694000078,5465.565875524111
2,6500.695503977462,200880.81068024586,80.0,5.208652302228523,106.38059127726385,4.109845721132969,0.0,2.0,263.00628138346065,106.38059127726385,5204.559594140651
3,5812.567957883927,201563.73366674528,70.0,5.095416088900736,77.97508772393978,4.0802599205022325,15.118775223450504,3.0,172.62756007376296,77.97508772393978,5034.932034066887
4,5098.674564110367,202272.59212848477,60.0,5.063508496233214,63.812707364132365,3.7418630538873394,15.378693060119051,4.0,190.98916242319368,63.812707364132365,4847.942871643694
5,4601.231205370527,202765.18754435296,60.0,5.146421732091789,52.50038063781177,4.339902487507324,0.0,4.0,122.45471714473007,52.50038063781177,4729.488154498964
6,4238.206895222917,203123.48236634608,50.0,5.121048929160865,38.66663757737005,3.934282808676205,15.599465263342971,5.0,98.83662696450308,38.66663757737005,4635.651527534461
7,3638.410169178731,203718.64344086274,50.0,5.041409865183836,72.60831973915133,4.082253137493327,0.0,5.0,146.10463993236476,72.60831973915133,4494.546887602096
8,3061.040838461098,204291.5182246928,50.0,5.212886185847513,100.07363977596916,4.745900874541264,0.0,5.0,117.30124945755527,100.07363977596916,4479.533137463993
9,2583.6487767646795,204764.43075325174,50.0,5.20542950950733,62.68858506594849,4.101980361392188,0.0,5.0,110.72949564042291,62.68858506594849,4436.492226889519
10,2363.814962727535,204979.828075062,40.0,5.232281136840595,24.862635320986822,3.9332722153674,15.195123125839366,6.0,58.05401795659902,24.862635320986822,4395.980752831332
11,2102.2733258789253,205236.97373115778,40.0,5.2567402764238045,28.22704251992224,4.081365363370174,0.0,6.0,64.20206989495823,28.22704251992224,4337.778682936374
12,1891.6495442022356,205443.25973415154,30.0,5.028003098485723,9.127771614212374,3.6152039572170125,14.51480456954555,7.0,69.16877068708776,9.127771614212374,4275.609912249286
13,1664.9143188603873,205665.71934958114,30.0,5.213807954186994,32.65170239224167,4.477344080242215,0.0,8.0,51.35478145034714,32.65170239224167,4232.255130798939
14,1563.352732779058,205763.04868053165,10.0,5.032869474614449,7.446850149677114,3.4192882506465705,14.663444592934972,10.0,36.85002102868352,7.446850149677114,4205.405109770255
15,1402.376578191938,205919.819430009,0.0,5.1603258384345745,13.019635405035551,3.7566944242381384,14.661214441650188,11.0,47.72362331735472,13.019635405035551,4168.681486452901
16,1183.0070988199886,206135.0202278945,0.0,5.053230746701396,19.526998459607217,3.7906417770554257,0.0,11.0,58.675992273775876,19.526998459607217,4121.005494179125
17,998.3100603149203,206315.59626090538,0.0,5.2920335592508225,16.5450208886512,3.9805976809305634,0.0,12.0,47.77385389691934,16.5450208886512,4085.2316402822053
18,839.9362313649941,206469.88485821502,0.0,5.18777966370214,16.083496693353588,4.053780646088887,0.0,12.0,40.480390140974464,16.083496693353588,4069.276703540864
19,725.6677910330293,206580.08402184345,0.0,5.192672008505056,14.46319911045158,4.170675294811631,0.0,12.0,26.857436512711516,14.46319911045158,4068.8824661386043
20,584.6925406628073,206716.99038974755,0.0,5.1885474484790315,19.189312431104703,4.355621151794829,0.0,12.186268236717702,32.656912487463444,19.189312431104703,4067.709892435581
21,483.78466873626826,206813.83055178163,0.0,5.152528379353157,9.616372010405952,4.001030267120288,0.0,12.0,25.361954728499114,9.616372010405952,4078.709892435581
22,423.493213222313,206870.04329740314,0.0,5.093653514115851,3.334177627709212,3.6705224393275193,0.0,12.0,17.46685647064317,3.334177627709212,4074.741780045425
23,344.79830682911734,206944.6634620163,0.0,5.258552901531844,8.06037266202328,4.01890615095939,0.0,12.0,19.42906144354004,8.06037266202328,4067.312718601885
24,282.0769087737606,207003.31754735304,0.0,5.16739860996928,6.61287940400297,3.9247900590902427,0.0,12.0,15.904237420179276,6.61287940400297,4063.4084811817056
25,238.47575972171435,207042.8552879239,0.0,5.302639664499829,2.4903526231722273,3.8571839201636138,0.0,12.0,11.91940507409054,2.4903526231722273,4063.489076107615
26,193.10738549992024,207084.1601730696,0.0,5.081525985953337,6.343536147127059,4.309361255923015,0.0,12.0,10.263379085553186,6.343536147127059,4065.225697022062
27,155.4541424663481,207117.74819040616,0.0,5.140790606066377,4.8880177753366,4.449628558180737,0.0,12.0,8.756811094784965,4.8880177753366,4068.468885927277
28,127.75616604491759,207141.37769794167,0.0,5.2007870229923645,3.08992452461287,4.1724778782609375,0.0,11.0,6.798158692494073,3.08992452461287,4072.670727234783
29,104.37429875451699,207160.68689450482,0.0,5.198438147588907,3.2676181140067433,4.087420199777148,0.0,11.0,5.321425878246692,3.2676181140067433,4078.349301356536
30,88.50408020704961,207172.47876375093,0.0,5.189270582211088,1.3530488542681556,3.7936974753213133,0.0,11.0,4.216234976001022,1.3530488542681556,4085.133066380535
31,70.78998885151813,207186.1077220401,0.0,5.228961554840029,2.7084269196451958,4.5225303740766565,0.0,11.0,3.8220758436909894,2.7084269196451958,4092.310990536844
32,57.58815310523459,207195.21724679583,0.0,5.291952853238875,1.9715861262623897,4.585593038199334,0.0,10.0,2.8556985314502734,1.9715861262623897,4099.455292005394
33,49.00549887072922,207199.70044573833,0.0,5.229648022807544,0.8427193687998369,3.9125891713827627,0.0,10.0,2.1914360823821983,0.8427193687998369,4107.263855923012
34,43.003254239812925,207201.59542651332,0.0,5.231371735813749,0.6244165125612113,3.8611123596091597,0.0,10.0,1.486728303119343,0.6244165125612113,4115.777127619892
35,37.421776528388044,207203.0611270971,0.0,5.23508612926418,0.3959987181527334,3.87404534121172,0.0,10.0,1.5534998300960687,0.3959987181527334,4124.223627789796
36,32.437971311937346,207203.9207086858,0.0,5.268699307702944,0.5571527866535972,4.060940548109027,0.0,10.0,1.2338264561077068,0.5571527866535972,4132.989801333689
37,27.142062165562812,207205.0836280308,0.0,5.107710093069024,0.40797456718616054,3.529833157497747,0.0,10.0,1.425302580043295,0.40797456718616054,4141.564498753645
38,23.05214812899789,207205.03197756864,0.0,0.0,0.0,3.151722347020315,0.0,10.0,1.2860551950081673,0.0,4150.278443558637
39,19.682838213613245,207204.25100904045,0.0,5.278935655968557,0.27713360366681855,3.790167507551889,0.0,10.0,0.8820001276896139,0.27713360366681855,4159.396443430947
40,16.301663762923784,207203.4727870477,0.0,5.2241511231975135,0.41096846357088157,4.551826483533149,0.0,10.0,0.7939420262878666,0.41096846357088157,4168.60250140466
41,13.914142218623775,207201.6917060906,0.0,5.217378178975421,0.3378650201459005,4.571524824948551,0.0,10.0,0.5278959217346144,0.3378650201459005,4178.074605482925
42,12.794662832849315,207198.6331108709,0.0,5.069228152544846,0.059601266802813885,3.897367632384968,0.0,10.0,0.32534622595313395,0.059601266802813885,4187.7492592569715
43,11.433870592051193,207195.80615385243,0.0,5.292729668016406,0.04406489237780794,3.599445630294743,0.0,10.0,0.3989665234451028,0.04406489237780794,4197.350292733527
44,10.48428356964423,207192.55839058213,0.0,5.171414457403022,0.13759759295549726,4.493449906092432,0.0,10.0,0.21390122749285273,0.13759759295549726,4207.136391506034
45,9.59535812270656,207189.24017963753,0.0,5.035834288517838,0.10588018832845111,3.9957625894512456,0.0,10.0,0.22627572630326812,0.10588018832845111,4216.91011577973
46,9.347257040659391,207185.27137060382,0.0,5.2873388262392105,0.04692362078555102,5.2873388262392105,0.0,10.0,0.04692362078555102,0.04692362078555102,4226.863192158945
47,9.015643996545478,207181.37612045577,0.0,5.334679198995946,0.062161759263111065,5.334679198995946,0.0,10.0,0.062161759263111065,0.062161759263111065,4236.801030399682
48,9.015643996545478,207177.13931942536,0.0,0.0,0.0,0.0,0.0,10.0,0.0,0.0,4246.801030399682
49,9.015643996545478,207172.89251839495,0.0,0.0,0.0,0.0,0.0,10.0,0.0,0.0,4256.801030399682
50,9.015643996545478,207168.63571736455,0.0,0.0,0.0,0.0,0.0,10.0,0.0,0.0,4266.801030399682
51,9.015643996545478,207164.36891633415,0.0,0.0,0.0,0.0,0.0,10.0,0.0,0.0,4276.801030399682
52,9.015643996545478,207160.09211530376,0.0,0.0,0.0,0.0,0.0,10.0,0.0,0.0,4286.801030399682
53,9.015643996545478,207155.80531427337,0.0,0.0,0.0,0.0,0.0,10.0,0.0,0.0,4296.801030399682
54,9.015643996545478,207151.50851324297,0.0,0.0,0.0,0.0,0.0,10.0,0.0,0.0,4306.801030399682
55,9.015643996545478,207147.20171221255,0.0,0.0,0.0,0.0,0.0,10.0,0.0,0.0,4316.801030399682
56,9.015643996545478,207142.88491118216,0.0,0.0,0.0,0.0,0.0,10.0,0.0,0.0,4326.801030399682
57,9.015643996545478,207138.55811015176,0.0,0.0,0.0,0.0,0.0,10.0,0.0,0.0,4336.801030399682
58,9.015643996545478,207134.22130912135,0.0,0.0,0.0,0.0,0.0,10.0,0.0,0.0,4346.801030399682
59,9.015643996545478,207129.87450809096,0.0,0.0,0.0,0.0,0.0,10.0,0.0,0.0,4356.801030399682
60,9.015643996545478,207125.51770706056,0.0,0.0,0.0,0.0,0.0,10.0,0.0,0.0,4366.801030399682
61,9.015643996545478,207121.15090603015,0.0,0.0,0.0,0.0,0.0,10.0,0.0,0.0,4376.801030399682
62,9.015643996545478,207116.77410499976,0.0,0.0,0.0,0.0,0.0,10.0,0.0,0.0,4386.801030399682
63,9.015643996545478,207112.38730396936,0.0,0.0,0.0,0.0,0.0,10.0,0.0,0.0,4396.801030399682
64,9.015643996545478,207107.99050293895,0.0,0.0,0.0,0.0,0.0,10.0,0.0,0.0,4406.801030399682
65,9.015643996545478,207103.58370190853,0.0,0.0,0.0,0.0,0.0,10.0,0.0,0.0,4416.801030399682
66,9.015643996545478,207099.16690087813,0.0,0.0,0.0,0.0,0.0,10.0,0.0,0.0,4426.801030399682
67,9.015643996545478,207094.74009984775,0.0,0.0,0.0,0.0,0.0,10.0,0.0,0.0,4436.801030399682
68,9.015643996545478,207090.30329881734,0.0,0.0,0.0,0.0,0.0,10.0,0.0,0.0,4446.801030399682
69,9.015643996545478,207085.85649778694,0.0,0.0,0.0,0.0,0.0,10.0,0.0,0.0,4456.801030399682
70,9.015643996545478,207081.39969675656,0.0,0.0,0.0,0.0,0.0,10.0,0.0,0.0,4466.801030399682
71,9.015643996545478,207076.93289572615,0.0,0.0,0.0,0.0,0.0,10.0,0.0,0.0,4476.801030399682
72,9.015643996545478,207072.45609469575,0.0,0.0,0.0,0.0,0.0,10.0,0.0,0.0,4486.801030399682
73,9.015643996545478,207067.96929366534,0.0,0.0,0.0,0.0,0.0,10.0,0.0,0.0,4496.801030399682
74,9.015643996545478,207063.47249263493,0.0,0.0,0.0,0.0,0.0,10.0,0.0,0.0,4506.801030399682
75,9.015643996545478,207058.96569160454,0.0,0.0,0.0,0.0,0.0,10.0,0.0,0.0,4516.801030399682
76,9.015643996545478,207054.44889057413,0.0,0.0,0.0,0.0,0.0,10.0,0.0,0.0,4526.801030399682
77,9.015643996545478,207049.92208954375,0.0,0.0,0.0,0.0,0.0,10.0,0.0,0.0,4536.801030399682
78,9.015643996545478,207045.38528851335,0.0,0.0,0.0,0.0,0.0,10.0,0.0,0.0,4546.801030399682
79,9.015643996545478,207040.83848748295,0.0,0.0,0.0,0.0,0.0,10.0,0.0,0.0,4556.801030399682
80,9.015643996545478,207036.28168645254,0.0,0.0,0.0,0.0,0.0,10.0,0.0,0.0,4566.801030399682
81,9.015643996545478,207031.71488542215,0.0,0.0,0.0,0.0,0.0,10.0,0.0,0.0,4576.801030399682
82,9.015643996545478,207027.13808439174,0.0,0.0,0.0,0.0,0.0,10.0,0.0,0.0,4586.801030399682
83,9.015643996545478,207022.55128336133,0.0,0.0,0.0,0.0,0.0,10.0,0.0,0.0,4596.801030399682
84,9.015643996545478,207017.95448233094,0.0,0.0,0.0,0.0,0.0,10.0,0.0,0.0,4606.801030399682
85,9.015643996545478,207013.34768130054,0.0,0.0,0.0,0.0,0.0,10.0,0.0,0.0,4616.801030399682
86,9.015643996545478,207008.73088027013,0.0,0.0,0.0,0.0,0.0,10.0,0.0,0.0,4626.801030399682
87,9.015643996545478,207004.10407923974,0.0,0.0,0.0,0.0,0.0,10.0,0.0,0.0,4636.801030399682
88,9.015643996545478,206999.46727820934,0.0,0.0,0.0,0.0,0.0,10.0,0.0,0.0,4646.801030399682
89,9.015643996545478,206994.82047717893,0.0,0.0,0.0,0.0,0.0,10.0,0.0,0.0,4656.801030399682
90,9.015643996545478,206990.16367614854,0.0,0.0,0.0,0.0,0.0,10.0,0.0,0.0,4666.801030399682
91,9.015643996545478,206985.49687511814,0.0,0.0,0.0,0.0,0.0,10.0,0.0,0.0,4676.801030399682
92,9.015643996545478,206980.82007408774,0.0,0.0,0.0,0.0,0.0,10.0,0.0,0.0,4686.801030399682
93,9.015643996545478,206976.13327305732,0.0,0.0,0.0,0.0,0.0,10.0,0.0,0.0,4696.801030399682
94,9.015643996545478,206971.43647202692,0.0,0.0,0.0,0.0,0.0,10.0,0.0,0.0,4706.801030399682
95,9.015643996545478,206966.72967099654,0.0,0.0,0.0,0.0,0.0,10.0,0.0,0.0,4716.801030399682
96,9.015643996545478,206962.01286996613,0.0,0.0,0.0,0.0,0.0,10.0,0.0,0.0,4726.801030399682
97,9.015643996545478,206957.28606893573,0.0,0.0,0.0,0.0,0.0,10.0,0.0,0.0,4736.801030399682
98,9.015643996545478,206952.54926790533,0.0,0.0,0.0,0.0,0.0,10.0,0.0,0.0,4746.801030399682
99,9.015643996545478,206947.80246687494,0.0,0.0,0.0,0.0,0.0,10.0,0.0,0.0,4756.801030399682
